run, exec. cores, blockSize, partitions
01_1, 2, 16, 32
01_2, 2, 16, 32
01_3, 2, 16, 32
01_4, 2, 16, 32
01_5, 2, 16, 32
02_1, 2, 32, 32
02_2, 2, 32, 32
02_3, 2, 32, 32
02_4, 2, 32, 32
02_5, 2, 32, 32
03_1, 2, 64, 32
03_2, 2, 64, 32
03_3, 2, 64, 32
03_4, 2, 64, 32
03_5, 2, 64, 32
04_1, 2, 128, 32
04_2, 2, 128, 32
04_3, 2, 128, 32
04_4, 2, 128, 32
04_5, 2, 128, 32
05_1, 2, 512, 32
05_2, 2, 512, 32
05_3, 2, 512, 32
05_4, 2, 512, 32
05_5, 2, 512, 32
06_1, 2, 1024, 32
06_2, 2, 1024, 32
06_3, 2, 1024, 32
06_4, 2, 1024, 32
06_5, 2, 1024, 32
07_1, 2, 2048, 32
07_2, 2, 2048, 32
07_3, 2, 2048, 32
07_4, 2, 2048, 32
07_5, 2, 2048, 32
08_1, 2, 4096, 32
08_2, 2, 4096, 32
08_3, 2, 4096, 32
08_4, 2, 4096, 32
08_5, 2, 4096, 32
